table of 2: 1x2=2 2x2=4 3x2=6 4x2=8 5x2=10 6x2=12 7x2=14 8x2=16 9x2=18 10x2=20 11x2=22 12x2=24 13x2=26 14x2=28 15x2=30 16x2=32 17x2=34 18x2=36 19x2=38 20x2=40 
table of 3: 1x3=3 2x3=6 3x3=9 4x3=12 5x3=15 6x3=18 7x3=21 8x3=24 9x3=27 10x3=30 11x3=33 12x3=36 13x3=39 14x3=42 15x3=45 16x3=48 17x3=51 18x3=54 19x3=57 20x3=60 
table of 4: 1x4=4 2x4=8 3x4=12 4x4=16 5x4=20 6x4=24 7x4=28 8x4=32 9x4=36 10x4=40 11x4=44 12x4=48 13x4=52 14x4=56 15x4=60 16x4=64 17x4=68 18x4=72 19x4=76 20x4=80 
table of 5: 1x5=5 2x5=10 3x5=15 4x5=20 5x5=25 6x5=30 7x5=35 8x5=40 9x5=45 10x5=50 11x5=55 12x5=60 13x5=65 14x5=70 15x5=75 16x5=80 17x5=85 18x5=90 19x5=95 20x5=100 
table of 6: 1x6=6 2x6=12 3x6=18 4x6=24 5x6=30 6x6=36 7x6=42 8x6=48 9x6=54 10x6=60 11x6=66 12x6=72 13x6=78 14x6=84 15x6=90 16x6=96 17x6=102 18x6=108 19x6=114 20x6=120 
table of 7: 1x7=7 2x7=14 3x7=21 4x7=28 5x7=35 6x7=42 7x7=49 8x7=56 9x7=63 10x7=70 11x7=77 12x7=84 13x7=91 14x7=98 15x7=105 16x7=112 17x7=119 18x7=126 19x7=133 20x7=140 
table of 8: 1x8=8 2x8=16 3x8=24 4x8=32 5x8=40 6x8=48 7x8=56 8x8=64 9x8=72 10x8=80 11x8=88 12x8=96 13x8=104 14x8=112 15x8=120 16x8=128 17x8=136 18x8=144 19x8=152 20x8=160 
table of 9: 1x9=9 2x9=18 3x9=27 4x9=36 5x9=45 6x9=54 7x9=63 8x9=72 9x9=81 10x9=90 11x9=99 12x9=108 13x9=117 14x9=126 15x9=135 16x9=144 17x9=153 18x9=162 19x9=171 20x9=180 
table of 10: 1x10=10 2x10=20 3x10=30 4x10=40 5x10=50 6x10=60 7x10=70 8x10=80 9x10=90 10x10=100 11x10=110 12x10=120 13x10=130 14x10=140 15x10=150 16x10=160 17x10=170 18x10=180 19x10=190 20x10=200 
table of 11: 1x11=11 2x11=22 3x11=33 4x11=44 5x11=55 6x11=66 7x11=77 8x11=88 9x11=99 10x11=110 11x11=121 12x11=132 13x11=143 14x11=154 15x11=165 16x11=176 17x11=187 18x11=198 19x11=209 20x11=220 
table of 12: 1x12=12 2x12=24 3x12=36 4x12=48 5x12=60 6x12=72 7x12=84 8x12=96 9x12=108 10x12=120 11x12=132 12x12=144 13x12=156 14x12=168 15x12=180 16x12=192 17x12=204 18x12=216 19x12=228 20x12=240 
table of 13: 1x13=13 2x13=26 3x13=39 4x13=52 5x13=65 6x13=78 7x13=91 8x13=104 9x13=117 10x13=130 11x13=143 12x13=156 13x13=169 14x13=182 15x13=195 16x13=208 17x13=221 18x13=234 19x13=247 20x13=260 
table of 14: 1x14=14 2x14=28 3x14=42 4x14=56 5x14=70 6x14=84 7x14=98 8x14=112 9x14=126 10x14=140 11x14=154 12x14=168 13x14=182 14x14=196 15x14=210 16x14=224 17x14=238 18x14=252 19x14=266 20x14=280 
table of 15: 1x15=15 2x15=30 3x15=45 4x15=60 5x15=75 6x15=90 7x15=105 8x15=120 9x15=135 10x15=150 11x15=165 12x15=180 13x15=195 14x15=210 15x15=225 16x15=240 17x15=255 18x15=270 19x15=285 20x15=300 
table of 16: 1x16=16 2x16=32 3x16=48 4x16=64 5x16=80 6x16=96 7x16=112 8x16=128 9x16=144 10x16=160 11x16=176 12x16=192 13x16=208 14x16=224 15x16=240 16x16=256 17x16=272 18x16=288 19x16=304 20x16=320 
table of 17: 1x17=17 2x17=34 3x17=51 4x17=68 5x17=85 6x17=102 7x17=119 8x17=136 9x17=153 10x17=170 11x17=187 12x17=204 13x17=221 14x17=238 15x17=255 16x17=272 17x17=289 18x17=306 19x17=323 20x17=340 
table of 18: 1x18=18 2x18=36 3x18=54 4x18=72 5x18=90 6x18=108 7x18=126 8x18=144 9x18=162 10x18=180 11x18=198 12x18=216 13x18=234 14x18=252 15x18=270 16x18=288 17x18=306 18x18=324 19x18=342 20x18=360 
table of 19: 1x19=19 2x19=38 3x19=57 4x19=76 5x19=95 6x19=114 7x19=133 8x19=152 9x19=171 10x19=190 11x19=209 12x19=228 13x19=247 14x19=266 15x19=285 16x19=304 17x19=323 18x19=342 19x19=361 20x19=380 
table of 20: 1x20=20 2x20=40 3x20=60 4x20=80 5x20=100 6x20=120 7x20=140 8x20=160 9x20=180 10x20=200 11x20=220 12x20=240 13x20=260 14x20=280 15x20=300 16x20=320 17x20=340 18x20=360 19x20=380 20x20=400 
table of 21: 1x21=21 2x21=42 3x21=63 4x21=84 5x21=105 6x21=126 7x21=147 8x21=168 9x21=189 10x21=210 11x21=231 12x21=252 13x21=273 14x21=294 15x21=315 16x21=336 17x21=357 18x21=378 19x21=399 20x21=420 
table of 22: 1x22=22 2x22=44 3x22=66 4x22=88 5x22=110 6x22=132 7x22=154 8x22=176 9x22=198 10x22=220 11x22=242 12x22=264 13x22=286 14x22=308 15x22=330 16x22=352 17x22=374 18x22=396 19x22=418 20x22=440 
table of 23: 1x23=23 2x23=46 3x23=69 4x23=92 5x23=115 6x23=138 7x23=161 8x23=184 9x23=207 10x23=230 11x23=253 12x23=276 13x23=299 14x23=322 15x23=345 16x23=368 17x23=391 18x23=414 19x23=437 20x23=460 
table of 24: 1x24=24 2x24=48 3x24=72 4x24=96 5x24=120 6x24=144 7x24=168 8x24=192 9x24=216 10x24=240 11x24=264 12x24=288 13x24=312 14x24=336 15x24=360 16x24=384 17x24=408 18x24=432 19x24=456 20x24=480 
table of 25: 1x25=25 2x25=50 3x25=75 4x25=100 5x25=125 6x25=150 7x25=175 8x25=200 9x25=225 10x25=250 11x25=275 12x25=300 13x25=325 14x25=350 15x25=375 16x25=400 17x25=425 18x25=450 19x25=475 20x25=500 
table of 26: 1x26=26 2x26=52 3x26=78 4x26=104 5x26=130 6x26=156 7x26=182 8x26=208 9x26=234 10x26=260 11x26=286 12x26=312 13x26=338 14x26=364 15x26=390 16x26=416 17x26=442 18x26=468 19x26=494 20x26=520 
table of 27: 1x27=27 2x27=54 3x27=81 4x27=108 5x27=135 6x27=162 7x27=189 8x27=216 9x27=243 10x27=270 11x27=297 12x27=324 13x27=351 14x27=378 15x27=405 16x27=432 17x27=459 18x27=486 19x27=513 20x27=540 
table of 28: 1x28=28 2x28=56 3x28=84 4x28=112 5x28=140 6x28=168 7x28=196 8x28=224 9x28=252 10x28=280 11x28=308 12x28=336 13x28=364 14x28=392 15x28=420 16x28=448 17x28=476 18x28=504 19x28=532 20x28=560 
table of 29: 1x29=29 2x29=58 3x29=87 4x29=116 5x29=145 6x29=174 7x29=203 8x29=232 9x29=261 10x29=290 11x29=319 12x29=348 13x29=377 14x29=406 15x29=435 16x29=464 17x29=493 18x29=522 19x29=551 20x29=580 
table of 30: 1x30=30 2x30=60 3x30=90 4x30=120 5x30=150 6x30=180 7x30=210 8x30=240 9x30=270 10x30=300 11x30=330 12x30=360 13x30=390 14x30=420 15x30=450 16x30=480 17x30=510 18x30=540 19x30=570 20x30=600 
